0	-5558.894000
1	-6986.689000
2	-5830.281000
3	3807.207000
4	-10046.940000
5	20527.378000
6	-13627.667000
7	-8412.592000
8	-2844.097000
9	9222.038000
10	-2510.421000
11	-3160.883000
12	-2577.411000
13	-3421.881000
14	-10237.882000
15	-9124.329000
16	-9187.355000
17	-1446.703000
18	-270.980000
19	-8602.828000
20	11571.409000
21	-4287.623000
22	-9577.623000
23	2328.260000
24	-11799.353000
25	1191.306000
26	-12062.163000
27	1541.193000
28	15860.998000
29	6745.844000
30	-4738.789000
31	-2363.756000
32	-1932.681000
33	-1655.676000
34	-3081.591000
35	-219.433000
36	8040.896000
37	-2868.301000
38	7808.923000
39	-12581.573000
40	-14121.929000
41	7724.673000
42	-3055.666000
43	-4012.728000
44	-3301.661000
45	1557.722000
46	-6719.994000
47	7182.163000
48	12975.522000
49	1937.506000
50	1615.819000
51	-14391.616000
52	-7191.053000
53	3964.572000
54	2943.230000
55	1807.977000
56	4027.898000
57	-5086.038000
58	27256.747000
59	-7194.352000
60	3218.722000
61	8460.813000
62	-8749.559000
63	-13462.011000
64	9969.909000
65	2204.573000
66	9762.212000
67	-11934.078000
68	-4051.668000
69	8287.929000
70	28868.753000
71	5458.377000
72	-14384.681000
73	2241.013000
74	-5845.174000
75	-8950.685000
76	-5018.459000
77	-17295.730000
78	-12.492000
79	6228.607000
80	8740.959000
81	16058.901000
82	4217.757000
83	6659.168000
84	8193.854000
85	5290.275000
86	13868.622000
87	-1768.919000
88	3531.628000
89	9212.247000
90	-4344.623000
91	8513.900000
92	16740.269000
93	-12138.715000
94	1827.582000
95	15653.177000
96	-20018.121000
97	-6664.323000
98	-8807.614000
99	-9442.815000
100	24278.222000
101	-6003.279000
102	-17719.005000
103	11315.632000
104	2428.198000
105	10827.585000
106	-9720.128000
107	172.052000
108	-9812.331000
109	15975.472000
110	-7951.790000
111	-990.809000
112	2235.536000
113	-8286.609000
114	-593.018000
115	9051.084000
116	-801.560000
117	-6356.390000
118	-6538.599000
119	9510.081000
120	-10990.689000
121	-9762.439000
122	17580.078000
123	-5442.489000
124	-910.592000
125	6419.463000
126	-13499.582000
127	-1268.973000
128	-7212.968000
129	6533.069000
130	3512.991000
131	21214.064000
132	9034.720000
133	16535.302000
134	998.666000
135	-1843.927000
136	11320.850000
137	-5575.689000
138	12872.298000
139	12894.138000
140	-9860.987000
141	21755.743000
142	8555.174000
143	407.612000
144	4916.006000
145	-5489.150000
146	-8962.084000
147	-9767.185000
148	-11008.873000
149	-1353.266000
150	-11125.886000
151	3363.256000
152	1354.151000
153	-1284.853000
154	-7542.916000
155	-5582.043000
156	-7216.982000
157	-14439.166000
158	4850.814000
159	-12796.320000
160	10525.179000
161	-5621.762000
162	-8450.516000
163	-11653.583000
164	14242.557000
165	1019.151000
166	6628.201000
167	-5056.671000
168	-4695.025000
169	46.956000
170	-8191.899000
171	-1159.273000
172	13181.386000
173	21580.490000
174	-155.066000
175	-2948.345000
176	924.998000
177	-9907.963000
178	-3750.622000
179	-9138.931000
180	3901.962000
181	-7704.009000
182	15935.382000
183	6859.283000
184	-14179.864000
185	-961.264000
186	-5399.745000
187	1292.835000
188	-1651.821000
189	2553.572000
190	-3813.110000
191	5644.008000
192	-7751.836000
193	2125.760000
194	-12885.277000
195	-3563.201000
196	-7055.852000
197	-9221.863000
198	-18407.880000
199	654.387000
200	27171.862000
201	-6743.083000
202	650.719000
203	11231.107000
204	4515.394000
205	438.066000
206	-661.855000
207	1981.681000
208	11225.703000
209	-819.920000
210	4863.449000
211	-12133.619000
212	4950.979000
213	1153.944000
214	3130.063000
215	-1406.933000
216	-25812.578000
217	-11763.557000
218	-8002.845000
219	-2567.350000
220	-15301.189000
221	-5651.091000
222	-13942.119000
223	-1806.599000
224	-3831.892000
225	-10362.586000
226	-4229.705000
227	14965.354000
228	4978.701000
229	16692.896000
230	-3924.887000
231	5880.630000
232	19259.550000
233	-15419.719000
234	-18845.539000
235	-3161.347000
236	13434.619000
237	-5280.006000
238	-21586.688000
239	-10215.065000
240	6493.356000
241	4976.334000
242	-1073.441000
243	800.132000
244	-4214.342000
245	4557.530000
246	11463.707000
247	16877.411000
248	11941.726000
249	-2743.590000
250	-3814.209000
251	-16123.207000
252	-3892.837000
253	3022.625000
254	1729.184000
255	6628.203000
256	16798.104000
257	-5119.428000
258	-6125.463000
259	-2420.449000
260	-458.959000
261	22585.742000
262	-10739.292000
263	-699.301000
264	-4031.119000
265	6226.938000
266	-3276.040000
267	4827.520000
268	-2493.272000
269	8914.533000
270	7612.662000
271	-13296.807000
272	-13126.770000
273	14467.402000
274	6366.124000
275	6503.750000
276	5025.703000
277	7430.547000
278	2306.267000
279	-9337.331000
280	-20121.242000
281	-812.920000
282	-4955.965000
283	-17284.672000
284	552.122000
285	-11682.448000
286	-3846.528000
287	6719.844000
288	-12579.149000
289	-6420.005000
290	-22976.858000
291	2209.612000
292	-23019.156000
293	-5471.195000
294	-21765.983000
295	-16763.757000
296	24708.491000
297	7956.814000
298	6530.754000
299	-13012.535000
300	12973.633000
301	-2310.700000
302	24007.914000
303	10200.926000
304	2152.408000
305	-10105.567000
306	-15403.467000
307	10335.642000
308	-4906.540000
309	18330.348000
310	21614.971000
311	2101.949000
312	9729.595000
313	9359.448000
314	10149.700000
315	398.335000
316	-22086.569000
317	8349.067000
318	18673.008000
319	3149.550000
320	7828.089000
321	1768.803000
322	-6693.354000
323	5151.536000
324	-5242.205000
325	-8502.785000
326	-1217.937000
327	3962.526000
328	-3649.584000
329	-3825.194000
330	-409.377000
331	-2128.703000
332	2517.575000
333	14926.952000
334	3099.648000
335	-4671.986000
336	-3357.918000
337	98.236000
338	15636.206000
339	-9230.638000
340	-5499.821000
341	18101.528000
342	-13118.051000
343	611.845000
344	3242.515000
345	-3071.595000
346	20.316000
347	-8576.605000
348	20955.526000
349	455.344000
350	-248.779000
351	-1394.551000
352	-5949.377000
353	-13224.142000
354	-2884.679000
355	7805.810000
356	3920.644000
357	1210.852000
358	-21743.406000
359	-19577.581000
360	257.629000
361	9017.958000
362	19505.816000
363	-6340.976000
364	9749.571000
365	-16716.438000
366	-9858.667000
367	13519.698000
368	-17720.345000
369	13457.453000
370	-5983.089000
371	9780.477000
372	6576.257000
373	-2536.294000
374	3957.136000
375	-16317.698000
376	-179.799000
377	4640.156000
378	-2909.309000
379	2702.088000
380	2845.868000
381	18493.235000
382	-860.553000
383	23517.175000
384	4945.641000
385	-5350.885000
386	-8194.157000
387	10253.473000
388	6606.822000
389	7622.258000
390	-8064.626000
391	-9706.058000
392	13561.010000
393	-4016.074000
394	-7031.108000
395	20256.876000
396	7300.196000
397	-5090.966000
398	-3381.839000
399	-15073.629000
400	399.827000
401	4461.752000
402	12548.057000
403	-10726.575000
404	-11950.479000
405	-8393.428000
406	-21122.420000
407	12957.948000
408	3851.343000
409	4191.218000
410	-10546.196000
411	3848.030000
412	-6713.590000
413	12676.703000
414	-9392.395000
415	8443.751000
416	2123.978000
417	14738.324000
418	-9583.810000
419	8453.595000
420	-1040.253000
421	-18052.775000
422	-19456.680000
423	4051.852000
424	14366.431000
425	-4786.540000
426	6521.101000
427	1103.650000
428	-6374.226000
429	-12648.614000
430	-1431.305000
431	-4394.090000
432	-602.776000
433	-14285.635000
434	-7471.349000
435	-7717.681000
436	2142.127000
437	-9302.575000
438	14537.309000
439	846.094000
440	4876.427000
441	9351.076000
442	-5827.934000
443	-7414.262000
444	518.903000
445	-1767.583000
446	1379.715000
447	1506.492000
448	-11721.673000
449	10107.414000
450	-912.358000
451	-15232.913000
452	8606.644000
453	15184.144000
454	-2318.963000
455	590.257000
456	1291.446000
457	12728.114000
458	-4330.542000
459	-719.110000
460	10286.434000
461	-14367.691000
462	-7228.495000
463	-22597.133000
464	6708.848000
465	13023.962000
466	-655.620000
467	-1024.158000
468	3862.615000
469	-5969.058000
470	14209.023000
471	1113.842000
472	5551.208000
473	-5014.239000
474	5128.054000
475	10426.784000
476	-3014.960000
477	-5431.912000
478	9611.749000
479	10270.663000
480	-3618.639000
481	10437.183000
482	-8446.054000
483	4575.310000
484	-183.260000
485	2581.393000
486	3723.623000
487	10415.097000
488	5167.069000
489	14766.717000
490	-5379.522000
491	7546.562000
492	3327.894000
493	19877.558000
494	880.773000
495	-5597.107000
496	4957.615000
497	-2814.647000
498	21715.392000
499	16648.805000
500	-4949.154000
501	10148.108000
502	1712.040000
503	4943.242000
504	7725.306000
505	2993.723000
506	16307.380000
507	270.869000
508	227.714000
509	-2262.821000
510	1253.479000
511	-5771.893000
512	12637.240000
513	-16869.391000
514	5979.090000
515	1532.382000
516	1661.885000
517	10853.040000
518	-6449.678000
519	15802.999000
520	5947.317000
521	1486.537000
522	-3786.646000
523	-2493.330000
524	-582.187000
525	-1972.864000
526	-18614.141000
527	-3263.672000
528	4909.008000
529	1007.636000
530	4965.683000
531	-1845.479000
532	9120.564000
533	3025.296000
534	5217.085000
535	-7365.325000
536	-7222.886000
537	758.114000
538	-2165.546000
539	458.450000
540	10383.280000
541	4800.771000
542	7827.631000
543	-6409.581000
544	22213.894000
545	-6721.646000
546	-10851.439000
547	15154.560000
548	-3424.300000
549	1837.819000
550	-8470.325000
551	21184.943000
552	14820.583000
553	-9319.542000
554	7509.769000
555	8652.931000
556	2934.399000
557	5239.001000
558	11662.064000
559	-3613.816000
560	-1064.814000
561	-1972.550000
562	4395.469000
563	2136.178000
564	32282.302000
565	335.479000
566	4110.364000
567	-4235.030000
568	-1997.734000
569	14652.650000
570	965.392000
571	11827.342000
572	-16893.981000
573	-11396.342000
574	-3026.836000
575	3830.282000
576	16728.264000
577	11033.118000
578	156.554000
579	7053.292000
580	1804.923000
581	7901.199000
582	4879.597000
583	-6248.054000
584	5370.968000
585	778.401000
586	234.651000
587	-14784.483000
588	2076.478000
589	1583.493000
590	5707.603000
591	12262.245000
592	-7925.962000
593	-6613.527000
594	12110.528000
595	-6064.726000
596	9368.906000
597	3847.986000
598	-2893.161000
599	3614.606000
600	-6617.222000
601	42.445000
602	-19814.408000
603	-8878.413000
604	-618.489000
605	-12873.922000
606	-9746.846000
607	2393.598000
608	-18974.503000
609	8342.236000
610	16367.178000
611	-5779.603000
612	4505.710000
613	9604.704000
614	-9441.813000
615	5092.786000
616	8772.025000
617	-6907.615000
618	1178.884000
619	9074.132000
620	-19054.459000
621	-12008.050000
622	-3073.871000
623	-2193.988000
624	792.317000
625	-13828.423000
626	-6379.191000
627	-6287.874000
628	5483.395000
629	5190.392000
630	-8687.226000
631	-11194.189000
632	-10884.000000
633	-7708.328000
634	-7010.858000
635	-2686.632000
636	-758.343000
637	-11489.441000
638	-4849.369000
639	-325.381000
640	8591.188000
641	870.220000
642	-5916.472000
643	822.548000
644	3668.590000
645	-19406.888000
646	-8420.254000
647	-3055.428000
648	5797.158000
649	11784.970000
650	8047.345000
651	22364.880000
652	-3710.191000
653	-4195.710000
654	4177.528000
655	11524.901000
656	-6728.051000
657	-2533.827000
658	-2355.816000
659	-8647.891000
660	971.753000
661	-44677.318000
662	-10784.407000
663	1647.571000
664	-2109.494000
665	-5659.117000
666	-18056.474000
667	-14133.236000
668	1030.494000
669	-8916.385000
670	-8159.148000
671	14654.409000
672	-8763.642000
673	-11061.587000
674	5043.522000
675	3992.827000
676	-543.708000
677	49.004000
678	-5847.696000
679	-11081.842000
680	19735.170000
681	-3188.139000
682	3437.050000
683	-1518.391000
684	4375.747000
685	17411.748000
686	2681.883000
687	7503.487000
688	-227.477000
689	6776.388000
690	-5651.998000
691	-2627.904000
692	-15061.870000
693	-14971.147000
694	10429.165000
695	12683.198000
696	-7963.675000
697	-1496.728000
698	9265.625000
699	9459.889000
700	7497.041000
701	-7537.429000
702	-4371.462000
703	10086.823000
704	-6924.641000
705	5882.749000
706	-4323.161000
707	-185.359000
708	-12946.404000
709	-5048.587000
710	-4141.824000
711	-2070.959000
712	-3768.640000
713	3946.432000
714	4267.832000
715	1599.031000
716	17250.091000
717	-494.604000
718	-13476.585000
719	-1626.791000
720	11586.078000
721	8007.535000
722	-2069.466000
723	17053.720000
724	25282.501000
725	4092.005000
726	-6471.696000
727	-15212.979000
728	2311.833000
729	-468.238000
730	4609.732000
731	-16346.309000
732	-2873.050000
733	-12067.561000
734	-4123.608000
735	-5997.771000
736	-16593.430000
737	8327.692000
738	19905.483000
739	-128.092000
740	-1144.131000
741	3168.400000
742	21344.841000
743	8969.999000
744	-6125.314000
745	-4749.922000
746	3309.088000
747	-373.733000
748	3734.632000
749	-2770.157000
750	-4692.635000
751	7283.660000
752	8046.328000
753	4673.203000
754	-5611.614000
755	-829.436000
756	6424.276000
757	-11048.365000
758	5762.162000
759	-15937.406000
760	8586.475000
761	8708.442000
762	-2136.168000
763	-24169.641000
764	2198.181000
765	-10818.878000
766	-241.220000
767	9848.150000
768	4912.544000
769	-8207.012000
770	3654.061000
771	-1986.156000
772	-2074.641000
773	22658.406000
774	1921.290000
775	-18555.534000
776	-845.168000
777	4132.308000
778	293.746000
779	3805.730000
780	889.033000
781	-12851.642000
782	-7434.461000
783	4154.529000
784	-2684.097000
785	-2963.528000
786	-6350.116000
787	3992.906000
788	-862.786000
789	-3612.540000
790	-7924.196000
791	-5813.309000
792	-4785.821000
793	-1955.293000
794	-1642.380000
795	-24691.469000
796	6296.975000
797	5391.435000
798	-6243.390000
799	-3481.608000
800	-20897.491000
801	-1697.182000
802	-5943.038000
803	4492.564000
804	13565.289000
805	6006.003000
806	-1417.014000
807	-721.615000
808	8606.879000
809	1391.826000
810	16071.425000
811	-6931.093000
812	3849.282000
813	-5903.323000
814	148.268000
815	2004.504000
816	587.613000
817	-3101.356000
818	-17765.947000
819	-162.443000
820	-18776.554000
821	18364.482000
822	5095.330000
823	5507.483000
824	-5238.076000
825	-8269.699000
826	-11197.070000
827	12158.282000
828	-5599.919000
829	-9858.296000
830	205.256000
831	-8618.578000
832	-5318.561000
833	4048.356000
834	12018.578000
835	-3218.538000
836	-5990.045000
837	-8747.195000
838	-15793.162000
839	-22222.597000
840	-648.657000
841	10163.853000
842	-17478.586000
843	17916.423000
844	9616.230000
845	-18082.604000
846	902.130000
847	11317.974000
848	1567.208000
849	-14655.781000
850	-14255.411000
851	-10600.917000
852	-2884.729000
853	-4690.936000
854	63.951000
855	1328.305000
856	8719.113000
857	-2326.472000
858	10791.052000
859	2158.351000
860	2477.172000
861	-15735.375000
862	-4388.100000
863	5867.147000
864	-3165.929000
865	3993.122000
866	865.607000
867	876.342000
868	-2263.362000
869	9913.751000
870	19005.889000
871	-4889.310000
872	13651.780000
873	9721.680000
874	12448.568000
875	-8166.087000
876	9095.943000
877	10080.889000
878	-3438.991000
879	349.555000
880	12633.132000
881	7550.351000
882	5210.607000
883	2711.202000
884	6025.605000
885	6246.725000
886	3804.283000
887	-7240.602000
888	2640.865000
889	1743.661000
890	956.739000
891	-5907.231000
892	1653.514000
893	-6040.111000
894	5211.221000
895	10170.411000
896	8037.218000
897	4300.465000
898	-6732.972000
899	-6310.810000
900	-141.842000
901	-2897.731000
902	1240.154000
903	5025.355000
904	-8397.255000
905	-9107.822000
906	2482.099000
907	12025.807000
908	-3698.632000
909	16984.272000
910	1519.052000
911	549.782000
912	-10167.988000
913	-3674.371000
914	-3536.901000
915	-27532.072000
916	11339.525000
917	-1286.854000
918	9059.334000
919	-22575.474000
920	5818.573000
921	3455.910000
922	-4386.508000
923	-2117.247000
924	-7846.498000
925	-3381.860000
926	9423.189000
927	-17351.001000
928	-917.984000
929	3371.849000
930	2256.290000
931	2235.613000
932	-18554.621000
933	-4042.767000
934	-14815.879000
935	-309.923000
936	-4371.028000
937	-215.074000
938	-2250.546000
939	-3641.356000
940	-9031.232000
941	9465.173000
942	12767.674000
943	-1821.610000
944	18548.575000
945	4142.630000
946	-15871.957000
947	-11042.688000
948	9051.308000
949	5903.122000
950	17937.633000
951	846.738000
952	4936.461000
953	-9874.427000
954	8309.018000
955	9716.234000
956	1995.499000
957	8607.401000
958	-183.877000
959	-1052.597000
960	17861.926000
961	-1312.189000
962	-15752.276000
963	-3701.537000
964	6860.866000
965	2256.507000
966	3141.346000
967	-7902.205000
968	-13656.669000
969	3542.302000
970	12254.974000
971	7241.297000
972	1486.829000
973	4245.759000
974	3514.495000
975	28528.255000
976	-2863.580000
977	9658.056000
978	-9667.183000
979	4842.486000
980	16944.317000
981	18638.171000
982	-12531.371000
983	3575.867000
984	3777.462000
985	17364.193000
986	8143.964000
987	16556.089000
988	-6046.732000
989	11751.471000
990	-16628.013000
991	616.289000
992	10347.324000
993	-15370.312000
994	-677.052000
995	2795.664000
996	15516.179000
997	219.322000
998	-13041.560000
999	-10138.835000
All: 	87805.667000
